
 8

(((t8: 0.019846, t6: 0.019632): 0.019506, (t7: 0.026321, (t2: 0.011372, (t5: 0.008059, t4: 0.009075): 0.003374): 0.008474): 0.043511): 0.015811, t1: 0.071149, t3: 0.086970);

  0.015811  0.019506  0.019846  0.019632  0.043511  0.026321  0.008474  0.011372  0.003374  0.008059  0.009075  0.071149  0.086970

 -0.294531 -0.248359 -0.172366 -0.107323 -0.084786 -0.216084 -0.680502 -0.368916 -3.635607 -0.552594 -0.677212  0.025540  0.086216


Hessian

 -1.463e+07 -1.016e+06  1.196e+05   1.47e+05 -8.033e+04  1.426e+05  1.203e+05   1.97e+05  1.537e+04  1.063e+05  1.678e+05 -1.131e+06 -7.252e+05
 -1.016e+06 -1.673e+07 -3.955e+05 -3.326e+05 -1.062e+06  2.895e+05 -4.845e+04  3.464e+05  9.148e+04  2.894e+05  2.412e+05  6.495e+04  1.358e+05
  1.196e+05 -3.955e+05 -2.056e+07 -1.766e+06  2.222e+05  2.575e+05  1.317e+05  1.896e+05  2.281e+05  2.685e+05   1.81e+05  2.473e+05  2.697e+05
   1.47e+05 -3.326e+05 -1.766e+06 -2.063e+07  2.157e+05    2.8e+05  2.114e+05   2.35e+05  2.302e+05  3.216e+05   1.89e+05  2.686e+05  2.713e+05
 -8.033e+04 -1.062e+06  2.222e+05  2.157e+05 -8.399e+06  3.179e+05 -8.952e+05  9.438e+04   4.98e+04  8.353e+04   7.33e+04  2.392e+05  2.375e+05
  1.426e+05  2.895e+05  2.575e+05    2.8e+05  3.179e+05 -1.591e+07 -3.593e+06  2.066e+05  -3.33e+05  1.676e+05  6.735e+04  2.783e+05  2.888e+05
  1.203e+05 -4.845e+04  1.317e+05  2.114e+05 -8.952e+05 -3.593e+06 -4.055e+07 -2.487e+05  -1.64e+06  -1.48e+05  -1.62e+05  2.869e+05  2.739e+05
   1.97e+05  3.464e+05  1.896e+05   2.35e+05  9.438e+04  2.066e+05 -2.487e+05 -4.114e+07 -5.048e+06 -3.274e+05 -9.515e+04  3.624e+05  3.472e+05
  1.537e+04  9.148e+04  2.281e+05  2.302e+05   4.98e+04  -3.33e+05  -1.64e+06 -5.048e+06 -1.177e+08 -2.982e+06 -1.629e+06  2.688e+05  2.986e+05
  1.063e+05  2.894e+05  2.685e+05  3.216e+05  8.353e+04  1.676e+05  -1.48e+05 -3.274e+05 -2.982e+06  -5.87e+07 -1.261e+06  3.227e+05  3.435e+05
  1.678e+05  2.412e+05   1.81e+05   1.89e+05   7.33e+04  6.735e+04  -1.62e+05 -9.515e+04 -1.629e+06 -1.261e+06 -5.134e+07  3.006e+05  3.475e+05
 -1.131e+06  6.495e+04  2.473e+05  2.686e+05  2.392e+05  2.783e+05  2.869e+05  3.624e+05  2.688e+05  3.227e+05  3.006e+05 -4.636e+06  2.553e+05
 -7.252e+05  1.358e+05  2.697e+05  2.713e+05  2.375e+05  2.888e+05  2.739e+05  3.472e+05  2.986e+05  3.435e+05  3.475e+05  2.553e+05 -3.706e+06
