

TREE #  1

  0  0.0000 1529176.683000  x:  0.01649   0.01972   0.02031   0.02013   0.04845   0.02785   0.00823   0.01168   0.00316   0.00801   0.00924   0.07896   0.09786   5.87643   0.55768  
  1 99.0000 1529112.977271  x:  0.01567   0.01952   0.02021   0.02001   0.04752   0.02742   0.00835   0.01156   0.00416   0.00836   0.00922   0.07814   0.09695   5.87645   0.55775  
  2 64555.6927 1528955.080844  x:  0.01328   0.01901   0.01992   0.01967   0.04449   0.02611   0.00859   0.01109   0.00340   0.00859   0.00905   0.07545   0.09388   5.87653   0.55802  
  3 142924.6757 1528910.272566  x:  0.01362   0.01931   0.01986   0.01962   0.04349   0.02595   0.00849   0.01150   0.00352   0.00759   0.00908   0.07423   0.09230   5.87657   0.55820  
  4 61590.1308 1528857.274126  x:  0.01528   0.02001   0.01981   0.01961   0.04246   0.02616   0.00835   0.01166   0.00342   0.00820   0.00913   0.07231   0.08959   5.87666   0.55860  
  5 68268.7853 1528847.596614  x:  0.01556   0.01986   0.01982   0.01961   0.04270   0.02632   0.00853   0.01116   0.00346   0.00807   0.00898   0.07189   0.08887   5.87670   0.55879  
  6 27382.7141 1528839.225227  x:  0.01555   0.01932   0.01981   0.01959   0.04350   0.02640   0.00840   0.01131   0.00344   0.00808   0.00915   0.07145   0.08791   5.87678   0.55920  
  7 19457.8604 1528838.249634  x:  0.01552   0.01936   0.01981   0.01960   0.04363   0.02635   0.00838   0.01138   0.00344   0.00809   0.00899   0.07143   0.08777   5.87681   0.55935  
  8 9003.0919 1528836.717329  x:  0.01541   0.01965   0.01981   0.01961   0.04383   0.02617   0.00842   0.01134   0.00344   0.00809   0.00907   0.07154   0.08753   5.87691   0.55993  
  9 7066.1447 1528822.582247  x:  0.01533   0.01956   0.01962   0.01941   0.04342   0.02647   0.00836   0.01134   0.00344   0.00809   0.00905   0.07325   0.08613   5.87844   0.56829  
 10 8830.0519 1528805.389287  x:  0.01548   0.01926   0.02039   0.02016   0.04317   0.02614   0.00858   0.01141   0.00344   0.00811   0.00907   0.07356   0.08571   5.88045   0.57921  
 11 48000.3407 1528701.119127  x:  0.01622   0.01892   0.01984   0.01958   0.04296   0.02485   0.00771   0.01095   0.00352   0.00806   0.00901   0.07143   0.08610   5.89318   0.64831  
 12 163284.0659 1528647.491534  x:  0.01613   0.01910   0.01942   0.01918   0.04297   0.02526   0.00889   0.01143   0.00346   0.00811   0.00907   0.07005   0.08635   5.89976   0.68391  
 13 844469.1136 1528631.309974  x:  0.01560   0.01956   0.01964   0.01944   0.04298   0.02624   0.00854   0.01138   0.00348   0.00812   0.00908   0.06947   0.08641   5.90170   0.69430  
 14 176947.6849 1528631.148042  x:  0.01560   0.01956   0.01974   0.01935   0.04298   0.02624   0.00854   0.01138   0.00348   0.00812   0.00908   0.06947   0.08641   5.90236   0.69428  
 15 494.2971 1528496.213519  x:  0.01568   0.01959   0.01970   0.01953   0.04336   0.02633   0.00851   0.01140   0.00347   0.00812   0.00909   0.07033   0.08734   6.50590   0.67730  
 16 12652.2205 1528489.585464  x:  0.01580   0.01954   0.01987   0.01965   0.04361   0.02641   0.00849   0.01139   0.00335   0.00806   0.00908   0.07130   0.08714   6.50074   0.69313  
 17  0.0149 1528489.165853  x:  0.01581   0.01950   0.01985   0.01964   0.04351   0.02633   0.00848   0.01137   0.00338   0.00806   0.00907   0.07115   0.08693   6.50103   0.69901  
 18  0.0047 1528489.158691  x:  0.01581   0.01951   0.01985   0.01963   0.04351   0.02632   0.00847   0.01137   0.00337   0.00806   0.00907   0.07115   0.08697   6.50107   0.69943  
 19  0.0004 1528489.158683  x:  0.01581   0.01951   0.01985   0.01963   0.04351   0.02632   0.00847   0.01137   0.00337   0.00806   0.00907   0.07115   0.08697   6.50106   0.69944  
 20  0.0000 1528489.158682  x:  0.01581   0.01951   0.01985   0.01963   0.04351   0.02632   0.00847   0.01137   0.00337   0.00806   0.00907   0.07115   0.08697   6.50106   0.69944  